917575727
9029346386
9111111111
9121724116
9124093358
9124915383
9124915385
9125440918
9125458535
9125458535
9126600243
9126733161
9135454545
9140164782
9154543545
9166351234
9167391800
9167391800
9421094210
9820189848
9820209885
9820657587
9820851661
9833212359
9920095093
91256386525
91345665634
91982050036
91986790493
91987517174
91992202456
91996718818
91999999999
911234567890
912025882822
912172316548
912172316548
912222041936
912224162727
912240156264
912261321000
912267933084
912502324841
912512686758
912532574373
912621222333
912875224433
912942431702
913322312923
914027110261
917045171414
917208015018
917208259248
917208521835
917208521835
917208625636
917208858910
917208858910
917275021111
917303777964
917350977395
917498078928
917498078928
917498142808
917498210456
917498595542
917498670833
917498911007
917506933185
917506933185
917566714577
917588272682
917600981419
917666397999
917666520685
917666576663
917666624783
917666805955
917666950791
917702363849
917710859644
917715033331
917718828887
917722083205
917738038127
917738050105
917738223337
917738241007
917738249579
917738456781
917738526701
917738624260
917738968805
917745037770
917781000131
917838381243
917838381243
917879508925
917925503398
917926920097
918004141411
918004141411
918008247799
918010038892
918010403050
918015189134
918017193137
918017237517
918055567352
918055567352
918080508384
918080602801
918080604545
918080808086
918080808086
918080860606
918082040051
918082155562
918087134705
918089800184
918090384474
918097008989
918097229595
918097255524
918097703767
918097975357
918108004545
918108004545
918108004545
918108004545
918108004545
918108004545
918108004545
918108004545
918108004545
918108004545
918108004545
918108004545
918108004545
918108114039
918108211551
918108236963
918108332588
918108777604
918108997156
918109219825
918121965663
918140708709
918143111079
918149339198
918220008085
918237734777
918286084646
918286084646
918286202101
918286860999
918286948383
918452001674
918452846541
918530526072
918600626061
918652404530
918652747110
918652877348
918655150501
918655551551
918655577746
918692939880
918693001122
918693004545
918693004545
918750927550
918767558855
918790020809
918791180709
918800282191
918800332449
918800612333
918800988586
918805044421
918805903387
918806907565
918806907566
918806907566
918826053944
918828265119
918828283828
918860137066
918860602090
918861436244
918866264177
918870529144
918871100999
918879052111
918879173111
918879207230
918879341986
918882030965
918888876753
918898167718
918898293121
918898794646
918898794646
918898794646
918903601818
918951500436
918956902600
918976000385
918976342333
918976430003
918976543874
918984089853
919001340558
919003725933
919004090094
919004171516
919004254000
919004337865
919004350555
919004424836
919004466969
919004466969
919004466969
919004466969
919004466969
919004466969
919004543330
919004609652
919004609652
919004613204
919004614406
919004668844
919004700084
919004700084
919004837529
919004856025
919010200021
919010993966
919011061901
919011090488
919011117272
919011621928
919011789041
919013054906
919016809696
919017975925
919017975925
919021388155
919021600324
919021983602
919022027244
919022125786
919022131468
919022131468
919022222122
919022855978
919022978928
919028282062
919028733523
919029045600
919029070456
919029076504
919029338875
919029361254
919029404657
919029404657
919029481152
919029497860
919029547437
919029628226
919029628226
919029628226
919029699908
919029724000
919029809111
919032235294
919032823488
919036980142
919038027163
919039861000
919039996875
919049236231
919049236231
919060006611
919062024362
919080209171
919092873481
919092873481
919092873481
919092873481
919093430340
919096170034
919096266769
919096308002
919096731734
919130080184
919130080184
919143624898
919160077935
919167195884
919167196152
919167209077
919167209077
919167209077
919167213906
919167213906
919167224470
919167249111
919167384913
919167609409
919167853277
919167853277
919167853277
919167853277
919167853277
919167853277
919167853277
919167853277
919167853277
919167853277
919167853277
919167853277
919167853277
919167853277
919167853277
919167853277
919167853277
919167853277
919167853277
919167853277
919167853277
919167853277
919167853277
919167853277
919167853278
919167853279
919167878718
919167896575
919172065090
919172359282
919172604255
919172891239
919211823141
919212367952
919212676766
919220558169
919221238987
919221258179
919221459770
919222266335
919222283333
919222307172
919223232079
919223265255
919223278816
919223353050
919223363711
919223432926
919223498190
919223550093
919223550095
919223550096
919223610000
919223811411
919224216897
919224444426
919224460215
919224498616
919224681666
919224826321
919224826321
919225512911
919226093930
919226373503
919226573678
919226768497
919226768497
919226803545
919226877269
919226958975
919227578575
919231546258
919233004880
919246369342
919259219255
919268892221
919270007226
919270165551
919270212919
919270614991
919271215387
919271414834
919272088910
919272159440
919272692193
919273222882
919276204089
919276873589
919276873589
919278681032
919291207928
919305089372
919308086968
919313668402
919314501174
919320011224
919320052017
919320052017
919320063847
919320088490
919320108080
919320201966
919320209098
919320278926
919320455565
919320639012
919320663737
919320702354
919321011515
919321066019
919321209021
919321211677
919321491251
919321518873
919321708663
919321708663
919321856514
919321888444
919321888910
919321897829
919321915549
919321919293
919321919293
919322011997
919322035877
919322066393
919322123322
919322290770
919322655257
919322709700
919322846605
919323010734
919323030813
919323069827
919323070246
919323090946
919323195834
919323231251
919323242613
919323279583
919323331118
919323368334
919323674158
919323674158
919323716262
919323719909
919323972286
919323985070
919324036235
919324038364
919324131586
919324281812
919324404999
919324506464
919324517794
919324543737
919324543737
919324543737
919324555113
919324776191
919324776191
919324789440
919324899399
919324944411
919325142960
919325273849
919325520057
919326040402
919326362378
919326792758
919326965674
919327004679
919327083733
919327125842
919327473173
919328933444
919330049962
919331028374
919334478301
919335269551
919342035507
919348062022
919350245296
919370434399
919370777771
919371006106
919373161227
919373340111
919373598632
919375387222
919377794999
919386432999
919386432999
919388886600
919394099959
919403775700
919412800152
919414482385
919415201654
919418094189
919418094189
919420147821
919421380789
919421448027
919422110689
919422251514
919422643194
919424506150
919424593250
919424850000
919425163662
919425259300
919426399344
919426445180
919426575366
919426781100
919426782434
919426850252
919426879247
919426932157
919426995955
919427140226
919427185084
919427656578
919427668875
919427702946
919427808759
919427846150
919429521178
919429833482
919431614170
919432281246
919435028242
919435028242
919436071626
919443840821
919445516208
919447001518
919448053473
919448648538
919461160821
919464549699
919473946003
919490586220
919490746969
919503327301
919503819581
919537649033
919552426080
919566400419
919574404791
919574564500
919581549965
919582019021
919587399244
919594001290
919594026777
919594041041
919594052411
919594087788
919594335167
919594349479
919594489786
919594667010
919594715459
919594839988
919594917197
919594995540
919595957772
919595966690
919602913470
919604568340
919604914997
919605000848
919615195197
919619031903
919619072747
919619077794
919619162476
919619250007
919619307259
919619530938
919619575711
919619784695
919619787825
919619796120
919619816171
919619895593
919619895593
919619909457
919619918159
919619935450
919619943214
919619949449
919619953796
919624958787
919638095145
919657140603
919657228144
919664017821
919664017821
919664149628
919664229905
919664447001
919664493025
919664536004
919664619793
919665038179
919668446254
919673991736
919680385459
919687105524
919687348462
919687451808
919687678948
919699341558
919700082964
919700932218
919702035788
919702082966
919702140586
919702155177
919702398884
919702425731
919702486306
919702597300
919702823845
919702998277
919703934223
919704284868
919707769776
919711122123
919711184284
919712649496
919712669303
919712983941
919713231445
919713737650
919714858815
919716046737
919716955845
919717895825
919721887000
919723239289
919724014344
919724110635
919724297997
919724312956
919727375335
919727841344
919730041807
919730417313
919730433661
919730498288
919730562007
919737338644
919742381573
919752159899
919757026608
919757157896
919757317437
919757342312
919757365792
919760964712
919760964712
919762875827
919762875827
919762875827
919763305353
919765035981
919767373095
919768010639
919768222886
919768334443
919768390255
919768741852
919768758387
919768806501
919768976834
919769004695
919769033953
919769227217
919769333465
919769391080
919769633934
919769761110
919769810081
919769974416
919770593354
919773094789
919773186806
919773199252
919773283165
919773383012
919773454798
919773519515
919773531303
919773568316
919773568316
919773568316
919773568316
919773568316
919773568316
919773568316
919773568316
919773568316
919773568316
919773568316
919773568316
919773588210
919773834096
919786629228
919788884448
919793448628
919794551409
919795152220
919810019606
919810217042
919810241438
919810304410
919810500143
919810500143
919810500143
919810500143
919810500143
919811138309
919811138309
919811236691
919811485569
919811744229
919811840640
919812461936
919814107139
919819000078
919819040435
919819069154
919819107507
919819113737
919819120207
919819133433
919819140706
919819141878
919819151168
919819155334
919819199557
919819209647
919819212154
919819228882
919819231340
919819242267
919819261340
919819300416
919819342645
919819424869
919819424869
919819424869
919819479739
919819480300
919819489331
919819491036
919819514609
919819534260
919819563050
919819588755
919819590693
919819592364
919819599129
919819647222
919819745056
919819774430
919819837349
919819838049
919819838049
919819876500
919819879393
919819880601
919819891918
919819911914
919819937496
919819954876
919819965006
919819968368
919819991369
919820011503
919820012966
919820012966
919820020216
919820020216
919820022395
919820024894
919820026361
919820026361
919820026361
919820038794
919820039489
919820039489
919820040304
919820046632
919820072056
919820094201
919820110661
919820110987
919820120176
919820122267
919820123513
919820128289
919820128855
919820147070
919820148553
919820148553
919820178966
919820182718
919820198029
919820198029
919820198029
919820198029
919820198029
919820198029
919820198506
919820208166
919820209686
919820222247
919820224235
919820238064
919820278395
919820278395
919820299987
919820302733
919820332611
919820337184
919820340083
919820343334
919820343334
919820343570
919820346381
919820352390
919820361142
919820361551
919820404852
919820416759
919820443396
919820443396
919820450738
919820477002
919820485261
919820505874
919820519525
919820519525
919820530097
919820566411
919820602807
919820640204
919820655066
919820660904
919820663527
919820663527
919820732580
919820732580
919820734630
919820745740
919820745740
919820745740
919820745740
919820773314
919820778870
919820806329
919820818088
919820819904
919820851661
919820856159
919820856159
919820869561
919820904471
919820912921
919820925777
919820933433
919820933433
919820961024
919820970670
919820971325
919820972091
919820975747
919821025808
919821038621
919821053078
919821054653
919821070775
919821074646
919821089549
919821092915
919821110569
919821124873
919821127947
919821151915
919821159189
919821177222
919821178259
919821179480
919821205868
919821209619
919821292932
919821309322
919821363735
919821363735
919821376770
919821382842
919821390999
919821424251
919821459066
919821506143
919821529319
919821559088
919821596061
919821619500
919821709860
919821739551
919821742252
919821841767
919821905832
919821955626
919821975065
919821983527
919822054443
919822301804
919822385389
919822412819
919822437729
919822445799
919823160487
919823497078
919823497078
919823557282
919824023841
919824023841
919824144126
919824265042
919824335157
919824516715
919824833912
919824863700
919825017546
919825032074
919825252650
919825688862
919825711377
919825975900
919826071571
919826071571
919826071571
919826071571
919826071571
919826071571
919826071571
919826071571
919826071571
919826071571
919826071571
919826071571
919826071571
919826071571
919826071571
919826336036
919828033322
919828113879
919829745072
919830045559
919830054860
919830294623
919830534577
919831965895
919833010220
919833018688
919833019062
919833030525
919833040499
919833069407
919833106060
919833124675
919833149693
919833153940
919833182040
919833182040
919833212359
919833234970
919833242404
919833279962
919833281368
919833383030
919833386969
919833390501
919833438081
919833500004
919833537216
919833596161
919833649837
919833649837
919833654626
919833654626
919833654626
919833654626
919833654626
919833654626
919833654626
919833684686
919833691799
919833733556
919833782967
919833793060
919833803306
919833851019
919833852204
919833873597
919833875050
919833903249
919833911654
919833948556
919833985461
919835587543
919837832005
919837832005
919837832005
919837832005
919837832005
919838072054
919838422400
919838500172
919839257059
919840058100
919845055970
919848527396
919849485401
919850966966
919850979474
919855612736
919860414505
919860441122
919860794294
919860812022
919860977375
919860977375
919862416125
919865958617
919866151508
919867037942
919867101303
919867108731
919867111112
919867122223
919867127777
919867145678
919867198888
919867200099
919867221113
919867252526
919867264942
919867267036
919867267036
919867285591
919867285591
919867285591
919867307989
919867396475
919867510223
919867552875
919867581772
919867615114
919867629393
919867652012
919867653276
919867679966
919867688280
919867755041
919867780613
919867783074
919867806478
919867807527
919867889295
919867889295
919867889638
919868169043
919868619173
919868619173
919868619173
919868619173
919869040601
919869074856
919869074856
919869103831
919869103831
919869158679
919869199534
919869216487
919869220364
919869240737
919869240737
919869276432
919869400460
919869431782
919869459139
919869764381
919869764381
919869870163
919870008241
919870048755
919870069090
919870118798
919870120181
919870138868
919870161164
919870211988
919870255473
919870279603
919870387667
919870394910
919870517410
919870546363
919870587212
919870641925
919870748146
919870748146
919870791168
919870804201
919871178645
919871241146
919871521017
919872870777
919873842728
919876155263
919879372393
919879554278
919879887797
919881762487
919883062556
919884213791
919884381250
919884381250
919885183808
919885285688
919886636175
919886909572
919887426245
919890131086
919890237000
919890407603
919890595903
919890626286
919890787290
919890986913
919892008478
919892008478
919892008478
919892008827
919892011355
919892012646
919892012646
919892030224
919892034407
919892052786
919892052786
919892108588
919892195535
919892197474
919892203901
919892210940
919892215510
919892215510
919892221158
919892238690
919892247247
919892292761
919892341199
919892352375
919892363736
919892367300
919892367300
919892370615
919892413501
919892453468
919892516143
919892559185
919892574111
919892574644
919892587978
919892622815
919892623601
919892623601
919892654938
919892659001
919892705488
919892707308
919892822238
919892825848
919892832228
919892833828
919892871669
919892873703
919892873876
919892904726
919892913427
919892914989
919892916089
919892986742
919892996005
919893065770
919893148020
919898818784
919899799099
919899824210
919900012712
919904157368
919909097954
919909200013
919910261186
919910910091
919911105683
919911193053
919911444545
919912320720
919913625293
919920016658
919920050854
919920053649
919920091726
919920110878
919920112073
919920155323
919920156888
919920218081
919920222499
919920300303
919920338361
919920366724
919920368020
919920386222
919920408350
919920423139
919920556625
919920574148
919920577792
919920625682
919920640471
919920700795
919920717066
919920717066
919920788296
919920788296
919920800607
919920811497
919920826015
919920870833
919920902440
919920909090
919920974347
919920974347
919920992992
919920992992
919922418547
919923414343
919924032550
919924058580
919925095505
919925378571
919925580777
919929607201
919930002346
919930057106
919930103071
919930103071
919930175770
919930175770
919930220974
919930236097
919930248464
919930305653
919930305653
919930305653
919930305653
919930305653
919930305653
919930305653
919930305653
919930305653
919930305653
919930305653
919930333781
919930335989
919930365855
919930366316
919930480951
919930486578
919930593655
919930681477
919930709044
919930855667
919930855835
919930883870
919930947827
919930981355
919930998547
919933925022
919934051031
919937023939
919940611310
919943222717
919945499046
919945629439
919950175218
919953828250
919953828250
919957195479
919958576600
919958592277
919960120369
919960120369
919960247473
919960887305
919960996546
919961969474
919962199179
919963436549
919964582577
919965599311
919967136232
919967173549
919967173549
919967222266
919967312757
919967312757
919967392940
919967422200
919967436910
919967541311
919967635995
919967658785
919967686942
919967767860
919967771542
919967777790
919967814166
919967873799
919967886666
919967940940
919967971382
919967976267
919967976267
919967996645
919969030082
919969033532
919969033532
919969146584
919969221315
919969269893
919969707018
919970012706
919971338483
919971717223
919971992483
919975058523
919975058523
919975183659
919975586737
919979905260
919980434814
919981147161
919985170872
919986713808
919987035072
919987057000
919987111322
919987115677
919987165222
919987175106
919987188857
919987211361
919987219999
919987304577
919987312846
919987329079
919987345696
919987345696
919987388691
919987500816
919987509209
919987518456
919987571445
919987591180
919987626273
919987684808
919987700717
919987700717
919987718199
919987876782
919987899665
919987930600
919987930600
919988288473
919989102131
919990829253
919991500047
919993585256
919993812073
919995235717
919995854044
919997216484
919998359085
919998800520
919998800520
919998967321
919998967321
919998967321
919999012525
919999103039
919999171387
919999999999
919999999999
91944729644
99740333868
919167264573
919426357231
919654546760
919718117176
919403381493
918108004545